100000000000031
200000000000027
300000000000089
400000000000063
500000000000057
600000000000073
700000000000051
800000000000017
900000000000019
1000000000000037
1100000000000023
1200000000000059
1300000000000019
1400000000000051
1500000000000013
1600000000000007
1700000000000011
1800000000000011
1900000000000007
2000000000000021
2100000000000031
2200000000000007
2300000000000011
2400000000000017
2500000000000043
2600000000000017
2700000000000059
2800000000000013
2900000000000017
3000000000000037
3100000000000003
3200000000000059
3300000000000013
3400000000000027
3500000000000003
3600000000000029
3700000000000019
3800000000000069
3900000000000001
4000000000000021
4100000000000059
4200000000000017
4300000000000007
4400000000000009
4500000000000007
4600000000000063
4700000000000089
4800000000000001
4900000000000031
5000000000000023
5100000000000007
5200000000000031
5300000000000129
5400000000000079
5500000000000043
5600000000000083
5700000000000001
5800000000000043
5900000000000033
6000000000000001
6100000000000007
6200000000000087
6300000000000029
6400000000000007
6500000000000033
6600000000000079
6700000000000007
6800000000000027
6900000000000047
7000000000000037
7100000000000021
7200000000000077
7300000000000049
7400000000000117
7500000000000037
7600000000000007
7700000000000029
7800000000000001
7900000000000001
8000000000000011
8100000000000071
8200000000000073
8300000000000029
8400000000000023
8500000000000009
8600000000000029
8700000000000073
8800000000000007
8900000000000159
9000000000000007
9100000000000001
9200000000000009
9300000000000007
9400000000000061
9500000000000017
9600000000000019
9700000000000049
9800000000000057
9900000000000101